0.707107
0.707107
0.707042
0.707042
0.706974
0.706974
0.706911
0.706911
0.706792
0.706792
0.706728
0.706728
0.706605
0.706605
0.706444
0.706444
0.706348
0.706348
0.70625
0.70625
0.706129
0.706129
0.705991
0.705991
0.705812
0.705812
0.705682
0.705682
0.705544
0.705544
0.705377
0.705377
0.70517
0.70517
0.704995
0.704995
0.704828
0.704828
0.704636
0.704636
0.704434
0.704434
0.704164
0.704164
0.703922
0.703922
0.703715
0.703715
0.70345
0.70345
0.703149
0.703149
0.702874
0.702874
0.702591
0.702591
0.702326
0.702326
0.702014
0.702014
0.701673
0.701673
0.701336
0.701336
0.701027
0.701027
0.700699
0.700699
0.700299
0.700299
0.699885
0.699885
0.699577
0.699577
0.699258
0.699258
0.698872
0.698872
0.698401
0.698401
0.697903
0.697903
0.697528
0.697528
0.697118
0.697118
0.696629
0.696629
0.696119
0.696119
0.695703
0.695703
0.695328
0.695328
0.69484
0.69484
0.694282
0.694282
0.693781
0.693781
0.693378
0.693378
0.692852
0.692852
0.692356
0.692356
0.691778
0.691778
0.691227
0.691227
0.690754
0.690754
0.690209
0.690209
0.689674
0.689674
0.688927
0.688927
0.688419
0.688419
0.687905
0.687905
0.687143
0.687143
0.686429
0.686429
0.685821
0.685821
0.685326
0.685326
0.684601
0.684601
0.683771
0.683771
0.683044
0.683044
0.682468
0.682468
0.681761
0.681761
0.680919
0.680919
0.680182
0.680182
0.679542
0.679542
0.678967
0.678967
0.141987
0.141432
0.678113
0.141987
0.141432
0.678113
0.145141
0.143118
0.67709
0.145141
0.143118
0.67709
0.147667
0.144439
0.676263
0.147667
0.144439
0.676263
0.150087
0.145681
0.675463
0.150087
0.145681
0.675463
0.152674
0.146983
0.674601
0.152674
0.146983
0.674601
0.155607
0.148426
0.673614
0.155607
0.148426
0.673614
0.158137
0.149645
0.672755
0.158137
0.149645
0.672755
0.160689
0.150849
0.671881
0.160689
0.150849
0.671881
0.163359
0.152082
0.670958
0.163359
0.152082
0.670958
0.166426
0.153465
0.669889
0.166426
0.153465
0.669889
0.168987
0.154594
0.668988
0.168987
0.154594
0.668988
0.171646
0.15574
0.668044
0.171646
0.15574
0.668044
0.17447
0.156929
0.667033
0.17447
0.156929
0.667033
0.177473
0.158162
0.665949
0.177473
0.158162
0.665949
0.179954
0.159157
0.665046
0.179954
0.159157
0.665046
0.18261
0.160198
0.664071
0.18261
0.160198
0.664071
0.185473
0.161292
0.663012
0.185473
0.161292
0.663012
0.188431
0.162393
0.661908
0.188431
0.162393
0.661908
0.191059
0.163346
0.660919
0.191059
0.163346
0.660919
0.194013
0.164389
0.659799
0.194013
0.164389
0.659799
0.196986
0.16541
0.658662
0.196986
0.16541
0.658662
0.200182
0.166474
0.657429
0.200182
0.166474
0.657429
0.2032
0.167448
0.656255
0.2032
0.167448
0.656255
0.20621
0.168389
0.655075
0.20621
0.168389
0.655075
0.209234
0.169306
0.653878
0.209234
0.169306
0.653878
0.212562
0.170281
0.65255
0.212562
0.170281
0.65255
0.215322
0.171062
0.65144
0.215322
0.171062
0.65144
0.218906
0.172041
0.649986
0.218906
0.172041
0.649986
0.221581
0.172746
0.648892
0.221581
0.172746
0.648892
0.224803
0.173565
0.647564
0.224803
0.173565
0.647564
0.228725
0.174518
0.645932
0.228725
0.174518
0.645932
0.232391
0.175366
0.644392
0.232391
0.175366
0.644392
0.235503
0.176054
0.643073
0.235503
0.176054
0.643073
0.238355
0.176659
0.641855
0.238355
0.176659
0.641855
0.241547
0.177307
0.640482
0.241547
0.177307
0.640482
0.244153
0.177813
0.639352
0.244153
0.177813
0.639352
0.246747
0.178297
0.638221
0.246747
0.178297
0.638221
0.249277
0.17875
0.63711
0.249277
0.17875
0.63711
0.25202
0.179219
0.635898
0.25202
0.179219
0.635898
0.254721
0.179659
0.634697
0.254721
0.179659
0.634697
0.25723
0.180049
0.633573
0.25723
0.180049
0.633573
0.259715
0.180417
0.632454
0.259715
0.180417
0.632454
0.262342
0.180787
0.631263
0.262342
0.180787
0.631263
0.26497
0.181137
0.630064
0.26497
0.181137
0.630064
0.26746
0.181449
0.628921
0.26746
0.181449
0.628921
0.269985
0.181748
0.627755
0.269985
0.181748
0.627755
0.272482
0.182025
0.626594
0.272482
0.182025
0.626594
0.275008
0.182288
0.625413
0.275008
0.182288
0.625413
0.278542
0.182624
0.623749
0.278542
0.182624
0.623749
0.281174
0.182851
0.6225
0.281174
0.182851
0.6225
0.284296
0.183095
0.621009
0.284296
0.183095
0.621009
0.287486
0.183316
0.619473
0.287486
0.183316
0.619473
0.292004
0.183579
0.617278
0.292004
0.183579
0.617278
0.296467
0.183781
0.615087
0.296467
0.183781
0.615087
0.299316
0.183881
0.613676
0.299316
0.183881
0.613676
0.304622
0.184006
0.611022
0.304622
0.184006
0.611022
0.307186
0.184037
0.609727
0.307186
0.184037
0.609727
0.310212
0.184051
0.608189
0.310212
0.184051
0.608189
0.31334
0.184038
0.606587
0.31334
0.184038
0.606587
0.316399
0.183998
0.60501
0.316399
0.183998
0.60501
0.319188
0.183938
0.603561
0.319188
0.183938
0.603561
0.321968
0.183857
0.602107
0.321968
0.183857
0.602107
0.32494
0.183746
0.600543
0.32494
0.183746
0.600543
0.327914
0.18361
0.598966
0.327914
0.18361
0.598966
0.330398
0.183478
0.597639
0.330398
0.183478
0.597639
0.333171
0.183309
0.59615
0.333171
0.183309
0.59615
0.335705
0.183135
0.594781
0.335705
0.183135
0.594781
0.339454
0.182845
0.592739
0.339454
0.182845
0.592739
0.341956
0.182628
0.591365
0.341956
0.182628
0.591365
0.344542
0.182386
0.589937
0.344542
0.182386
0.589937
0.347273
0.182109
0.58842
0.347273
0.182109
0.58842
0.351789
0.181605
0.585888
0.351789
0.181605
0.585888
0.354361
0.181291
0.584433
0.354361
0.181291
0.584433
0.357061
0.180941
0.582896
0.357061
0.180941
0.582896
0.359643
0.180587
0.581417
0.359643
0.180587
0.581417
0.362459
0.180178
0.579792
0.362459
0.180178
0.579792
0.365613
0.179693
0.57796
0.365613
0.179693
0.57796
0.3685
0.179223
0.57627
0.3685
0.179223
0.57627
0.371384
0.178729
0.574569
0.371384
0.178729
0.574569
0.373994
0.178261
0.573019
0.373994
0.178261
0.573019
0.376602
0.177773
0.571461
0.376602
0.177773
0.571461
0.379196
0.177268
0.569901
0.379196
0.177268
0.569901
0.381793
0.176741
0.568328
0.381793
0.176741
0.568328
0.38483
0.1761
0.566476
0.38483
0.1761
0.566476
0.38748
0.175518
0.564848
0.38748
0.175518
0.564848
0.389853
0.174978
0.56338
0.389853
0.174978
0.56338
0.392896
0.174261
0.561486
0.392896
0.174261
0.561486
0.396383
0.173404
0.559296
0.396383
0.173404
0.559296
0.398811
0.172785
0.557759
0.398811
0.172785
0.557759
0.40112
0.17218
0.556288
0.40112
0.17218
0.556288
0.404121
0.171367
0.554364
0.404121
0.171367
0.554364
0.407614
0.170387
0.552105
0.407614
0.170387
0.552105
0.410084
0.169669
0.550494
0.410084
0.169669
0.550494
0.412413
0.168976
0.548966
0.412413
0.168976
0.548966
0.415723
0.167959
0.546776
0.415723
0.167959
0.546776
0.419109
0.166882
0.544516
0.419109
0.166882
0.544516
0.421631
0.166056
0.542819
0.421631
0.166056
0.542819
0.423971
0.16527
0.541234
0.423971
0.16527
0.541234
0.427212
0.164152
0.539022
0.427212
0.164152
0.539022
0.43048
0.162988
0.53677
0.43048
0.162988
0.53677
0.432881
0.16211
0.535102
0.432881
0.16211
0.535102
0.435016
0.161313
0.533609
0.435016
0.161313
0.533609
0.438258
0.160073
0.531326
0.438258
0.160073
0.531326
0.441033
0.158981
0.529353
0.441033
0.158981
0.529353
0.443338
0.158054
0.527703
0.443338
0.158054
0.527703
0.445522
0.157158
0.526128
0.445522
0.157158
0.526128
0.448551
0.155888
0.523928
0.448551
0.155888
0.523928
0.452055
0.154376
0.521358
0.452055
0.154376
0.521358
0.454353
0.153361
0.519657
0.454353
0.153361
0.519657
0.456474
0.152406
0.518077
0.456474
0.152406
0.518077
0.459383
0.151069
0.515893
0.459383
0.151069
0.515893
0.462609
0.149548
0.513447
0.462609
0.149548
0.513447
0.464957
0.148417
0.511652
0.464957
0.148417
0.511652
0.467036
0.147397
0.51005
0.467036
0.147397
0.51005
0.469709
0.146061
0.507977
0.469709
0.146061
0.507977
0.472852
0.144452
0.505514
0.472852
0.144452
0.505514
0.475099
0.143279
0.503738
0.475099
0.143279
0.503738
0.477111
0.14221
0.502137
0.477111
0.14221
0.502137
0.47965
0.500101
0.47965
0.500101
0.482747
0.497593
0.482747
0.497593
0.484998
0.495754
0.484998
0.495754
0.486877
0.494208
0.486877
0.494208
0.488853
0.49257
0.488853
0.49257
0.491576
0.490296
0.491576
0.490296
0.494109
0.48816
0.494109
0.48816
0.496144
0.486431
0.496144
0.486431
0.497893
0.484933
0.497893
0.484933
0.499894
0.483209
0.499894
0.483209
0.501755
0.481594
0.501755
0.481594
0.503704
0.47989
0.503704
0.47989
0.505798
0.478045
0.505798
0.478045
0.507592
0.476453
0.507592
0.476453
0.50963
0.474631
0.50963
0.474631
0.511728
0.47274
0.511728
0.47274
0.51349
0.47114
0.51349
0.47114
0.515241
0.469539
0.515241
0.469539
0.51703
0.467892
0.51703
0.467892
0.518787
0.466261
0.518787
0.466261
0.52051
0.464652
0.52051
0.464652
0.522225
0.463038
0.522225
0.463038
0.523935
0.461417
0.523935
0.461417
0.525603
0.459826
0.525603
0.459826
0.527406
0.458092
0.527406
0.458092
0.529039
0.456511
0.529039
0.456511
0.530648
0.454941
0.530648
0.454941
0.532252
0.453364
0.532252
0.453364
0.533858
0.451776
0.533858
0.451776
0.535448
0.450191
0.535448
0.450191
0.537043
0.44859
0.537043
0.44859
0.538624
0.446991
0.538624
0.446991
0.540185
0.4454
0.540185
0.4454
0.541734
0.443812
0.541734
0.443812
0.543325
0.442166
0.543325
0.442166
0.544915
0.44051
0.544915
0.44051
0.546602
0.438739
0.546602
0.438739
0.548217
0.437029
0.548217
0.437029
0.549736
0.435408
0.549736
0.435408
0.551276
0.433753
0.551276
0.433753
0.552772
0.432132
0.552772
0.432132
0.554367
0.43039
0.554367
0.43039
0.556292
0.428268
0.556292
0.428268
0.557792
0.4266
0.557792
0.4266
0.559307
0.4249
0.559307
0.4249
0.560747
0.423272
0.560747
0.423272
0.562189
0.421629
0.562189
0.421629
0.563654
0.419946
0.563654
0.419946
0.565098
0.418273
0.565098
0.418273
0.566511
0.416623
0.566511
0.416623
0.567932
0.414949
0.567932
0.414949
0.569418
0.413185
0.569418
0.413185
0.570955
0.411342
0.570955
0.411342
0.572373
0.409627
0.572373
0.409627
0.573771
0.407923
0.573771
0.407923
0.575182
0.406187
0.575182
0.406187
0.576572
0.404461
0.576572
0.404461
0.577967
0.402713
0.577967
0.402713
0.579342
0.400976
0.579342
0.400976
0.580747
0.399183
0.580747
0.399183
0.582093
0.39745
0.582093
0.39745
0.58343
0.395712
0.58343
0.395712
0.584755
0.393975
0.584755
0.393975
0.586127
0.392159
0.586127
0.392159
0.587516
0.390302
0.587516
0.390302
0.588985
0.388317
0.588985
0.388317
0.590328
0.386484
0.590328
0.386484
0.591677
0.384623
0.591677
0.384623
0.593002
0.382778
0.593002
0.382778
0.594503
0.380663
0.594503
0.380663
0.59602
0.3785
0.59602
0.3785
0.59782
0.375899
0.59782
0.375899
0.599049
0.374101
0.599049
0.374101
0.600334
0.3722
0.600334
0.3722
0.601701
0.370155
0.601701
0.370155
0.603316
0.367708
0.603316
0.367708
0.604552
0.36581
0.604552
0.36581
0.605761
0.363932
0.605761
0.363932
0.607015
0.361963
0.607015
0.361963
0.608507
0.359589
0.608507
0.359589
0.609774
0.357545
0.609774
0.357545
0.611203
0.355207
0.611203
0.355207
0.612319
0.353358
0.612319
0.353358
0.613689
0.351058
0.613689
0.351058
0.615021
0.348791
0.615021
0.348791
0.616134
0.346868
0.616134
0.346868
0.617211
0.344986
0.617211
0.344986
0.61829
0.343075
0.61829
0.343075
0.619467
0.340965
0.619467
0.340965
0.620791
0.338554
0.620791
0.338554
0.621852
0.336592
0.621852
0.336592
0.622906
0.334616
0.622906
0.334616
0.623907
0.332717
0.623907
0.332717
0.62503
0.330553
0.62503
0.330553
0.626261
0.328143
0.626261
0.328143
0.627221
0.326235
0.627221
0.326235
0.62815
0.324362
0.62815
0.324362
0.62906
0.322502
0.62906
0.322502
0.630083
0.320379
0.630083
0.320379
0.6311
0.318235
0.6311
0.318235
0.632128
0.316032
0.632128
0.316032
0.633007
0.314118
0.633007
0.314118
0.633927
0.312083
0.633927
0.312083
0.634863
0.30998
0.634863
0.30998
0.635901
0.307603
0.635901
0.307603
0.636799
0.30551
0.636799
0.30551
0.63761
0.303586
0.63761
0.303586
0.638443
0.301579
0.638443
0.301579
0.639274
0.299542
0.639274
0.299542
0.64026
0.297076
0.64026
0.297076
0.641029
0.295114
0.641029
0.295114
0.641784
0.293156
0.641784
0.293156
0.642482
0.291312
0.642482
0.291312
0.643189
0.289413
0.643189
0.289413
0.644042
0.287076
0.644042
0.287076
0.644856
0.284794
0.644856
0.284794
0.645595
0.28268
0.645595
0.28268
0.646316
0.280573
0.646316
0.280573
0.646962
0.278647
0.646962
0.278647
0.64776
0.276212
0.64776
0.276212
0.648462
0.27402
0.648462
0.27402
0.649095
0.271998
0.649095
0.271998
0.649723
0.269945
0.649723
0.269945
0.650281
0.268079
0.650281
0.268079
0.650906
0.265946
0.650906
0.265946
0.651499
0.263868
0.651499
0.263868
0.652076
0.261797
0.652076
0.261797
0.652599
0.259875
0.652599
0.259875
0.653095
0.258007
0.653095
0.258007
0.653653
0.255853
0.653653
0.255853
0.654188
0.25373
0.654188
0.25373
0.654674
0.251747
0.654674
0.251747
0.655141
0.249793
0.655141
0.249793
0.65558
0.247901
0.65558
0.247901
0.656003
0.246033
0.656003
0.246033
0.65646
0.243951
0.65646
0.243951
0.656899
0.24189
0.656899
0.24189
0.657311
0.239897
0.657311
0.239897
0.657692
0.237989
0.657692
0.237989
0.658056
0.236111
0.658056
0.236111
0.658479
0.233852
0.658479
0.233852
0.658885
0.231597
0.658885
0.231597
0.65924
0.229543
0.65924
0.229543
0.659572
0.227553
0.659572
0.227553
0.659884
0.225604
0.659884
0.225604
0.66019
0.223619
0.66019
0.223619
0.660519
0.221381
0.660519
0.221381
0.660864
0.218911
0.660864
0.218911
0.661135
0.216873
0.661135
0.216873
0.661375
0.214971
0.661375
0.214971
0.661602
0.213087
0.661602
0.213087
0.661847
0.210936
0.661847
0.210936
0.662071
0.208854
0.662071
0.208854
0.662268
0.206903
0.662268
0.206903
0.66245
0.204994
0.66245
0.204994
0.662626
0.203013
0.662626
0.203013
0.142452
0.662789
0.201041
0.142452
0.662789
0.201041
0.14486
0.662966
0.198726
0.14486
0.662966
0.198726
0.147396
0.663134
0.196285
0.147396
0.663134
0.196285
0.149635
0.663267
0.194129
0.149635
0.663267
0.194129
0.151703
0.663377
0.192137
0.151703
0.663377
0.192137
0.153806
0.663477
0.19011
0.153806
0.663477
0.19011
0.156104
0.663572
0.187894
0.156104
0.663572
0.187894
0.158289
0.663648
0.185785
0.158289
0.663648
0.185785
0.160448
0.66371
0.1837
0.160448
0.66371
0.1837
0.162507
0.663756
0.181711
0.162507
0.663756
0.181711
0.164529
0.663791
0.179756
0.164529
0.663791
0.179756
0.166773
0.663815
0.177585
0.166773
0.663815
0.177585
0.169097
0.663825
0.175334
0.169097
0.663825
0.175334
0.171221
0.663822
0.173275
0.171221
0.663822
0.173275
0.17328
0.663805
0.171278
0.17328
0.663805
0.171278
0.175307
0.663778
0.16931
0.175307
0.663778
0.16931
0.177351
0.663739
0.167326
0.177351
0.663739
0.167326
0.179608
0.663681
0.165131
0.179608
0.663681
0.165131
0.181955
0.663606
0.162846
0.181955
0.663606
0.162846
0.184017
0.663528
0.160838
0.184017
0.663528
0.160838
0.1861
0.663436
0.158806
0.1861
0.663436
0.158806
0.188127
0.663335
0.156828
0.188127
0.663335
0.156828
0.19037
0.663209
0.154637
0.19037
0.663209
0.154637
0.192665
0.663066
0.152393
0.192665
0.663066
0.152393
0.194782
0.662921
0.150319
0.194782
0.662921
0.150319
0.196847
0.662767
0.148296
0.196847
0.662767
0.148296
0.198861
0.662605
0.146319
0.198861
0.662605
0.146319
0.200903
0.662429
0.144314
0.200903
0.662429
0.144314
0.203191
0.662217
0.142064
0.203191
0.662217
0.142064
0.205371
0.662002
0.205371
0.662002
0.207449
0.661783
0.207449
0.661783
0.209435
0.661563
0.209435
0.661563
0.211418
0.661332
0.211418
0.661332
0.21356
0.66107
0.21356
0.66107
0.215739
0.660789
0.215739
0.660789
0.217945
0.660491
0.217945
0.660491
0.219981
0.660204
0.219981
0.660204
0.221977
0.65991
0.221977
0.65991
0.223967
0.659605
0.223967
0.659605
0.226209
0.659248
0.226209
0.659248
0.228297
0.658903
0.228297
0.658903
0.23027
0.658564
0.23027
0.658564
0.232215
0.658219
0.232215
0.658219
0.234176
0.65786
0.234176
0.65786
0.23625
0.657468
0.23625
0.657468
0.238491
0.65703
0.238491
0.65703
0.241085
0.656503
0.241085
0.656503
0.243178
0.656064
0.243178
0.656064
0.245161
0.655636
0.245161
0.655636
0.247137
0.655197
0.247137
0.655197
0.249362
0.654688
0.249362
0.654688
0.25162
0.654157
0.25162
0.654157
0.253858
0.653615
0.253858
0.653615
0.255828
0.653125
0.255828
0.653125
0.257782
0.652627
0.257782
0.652627
0.259875
0.652081
0.259875
0.652081
0.26201
0.651509
0.26201
0.651509
0.264058
0.650947
0.264058
0.650947
0.266028
0.650394
0.266028
0.650394
0.268017
0.649823
0.268017
0.649823
0.269968
0.649251
0.269968
0.649251
0.272178
0.648588
0.272178
0.648588
0.27425
0.647953
0.27425
0.647953
0.276184
0.647346
0.276184
0.647346
0.278153
0.646717
0.278153
0.646717
0.280048
0.646099
0.280048
0.646099
0.281932
0.645473
0.281932
0.645473
0.284158
0.644718
0.284158
0.644718
0.286513
0.643902
0.286513
0.643902
0.288569
0.643173
0.288569
0.643173
0.290605
0.642438
0.290605
0.642438
0.292498
0.641742
0.292498
0.641742
0.294743
0.6409
0.294743
0.6409
0.296845
0.640096
0.296845
0.640096
0.29875
0.639354
0.29875
0.639354
0.300604
0.63862
0.300604
0.63862
0.302454
0.637875
0.302454
0.637875
0.304439
0.637063
0.304439
0.637063
0.306686
0.636126
0.306686
0.636126
0.308656
0.63529
0.308656
0.63529
0.310553
0.634471
0.310553
0.634471
0.312434
0.633646
0.312434
0.633646
0.314316
0.632808
0.314316
0.632808
0.316535
0.631802
0.316535
0.631802
0.318515
0.630889
0.318515
0.630889
0.320397
0.630008
0.320397
0.630008
0.322317
0.629095
0.322317
0.629095
0.324121
0.628224
0.324121
0.628224
0.326183
0.627212
0.326183
0.627212
0.328331
0.626142
0.328331
0.626142
0.330248
0.625171
0.330248
0.625171
0.332081
0.624228
0.332081
0.624228
0.333889
0.623285
0.333889
0.623285
0.335696
0.622329
0.335696
0.622329
0.337792
0.621204
0.337792
0.621204
0.339698
0.620165
0.339698
0.620165
0.341525
0.619154
0.341525
0.619154
0.343309
0.618154
0.343309
0.618154
0.345047
0.617167
0.345047
0.617167
0.347017
0.616031
0.347017
0.616031
0.349144
0.614787
0.349144
0.614787
0.35094
0.61372
0.35094
0.61372
0.352696
0.612663
0.352696
0.612663
0.35441
0.611618
0.35441
0.611618
0.356153
0.610541
0.356153
0.610541
0.358359
0.609159
0.358359
0.609159
0.360128
0.608034
0.360128
0.608034
0.361954
0.606857
0.361954
0.606857
0.363666
0.605739
0.363666
0.605739
0.365392
0.604597
0.365392
0.604597
0.3673
0.603319
0.3673
0.603319
0.369322
0.601944
0.369322
0.601944
0.371114
0.600708
0.371114
0.600708
0.372853
0.599493
0.372853
0.599493
0.374549
0.598293
0.374549
0.598293
0.376412
0.596957
0.376412
0.596957
0.378419
0.595499
0.378419
0.595499
0.380163
0.594213
0.380163
0.594213
0.381869
0.592939
0.381869
0.592939
0.383508
0.5917
0.383508
0.5917
0.385155
0.59044
0.385155
0.59044
0.387078
0.58895
0.387078
0.58895
0.389113
0.587348
0.389113
0.587348
0.390839
0.585972
0.390839
0.585972
0.392441
0.584678
0.392441
0.584678
0.394032
0.583378
0.394032
0.583378
0.395776
0.581935
0.395776
0.581935
0.397584
0.580418
0.397584
0.580418
0.39923
0.57902
0.39923
0.57902
0.400824
0.577649
0.400824
0.577649
0.402365
0.576308
0.402365
0.576308
0.404023
0.574848
0.404023
0.574848
0.405671
0.573378
0.405671
0.573378
0.407295
0.571911
0.407295
0.571911
0.408879
0.570462
0.408879
0.570462
0.410388
0.569066
0.410388
0.569066
0.411913
0.567638
0.411913
0.567638
0.413674
0.565968
0.413674
0.565968
0.415315
0.564391
0.415315
0.564391
0.416894
0.562853
0.416894
0.562853
0.418412
0.561358
0.418412
0.561358
0.419882
0.559892
0.419882
0.559892
0.421519
0.55824
0.421519
0.55824
0.423242
0.556476
0.423242
0.556476
0.424728
0.554936
0.424728
0.554936
0.426217
0.553372
0.426217
0.553372
0.427629
0.551873
0.427629
0.551873
0.429109
0.550281
0.429109
0.550281
0.430844
0.548391
0.430844
0.548391
0.43225
0.546839
0.43225
0.546839
0.433629
0.545298
0.433629
0.545298
0.434959
0.543795
0.434959
0.543795
0.436287
0.542277
0.436287
0.542277
0.437824
0.540497
0.437824
0.540497
0.439376
0.538676
0.439376
0.538676
0.440742
0.537052
0.440742
0.537052
0.442118
0.535397
0.442118
0.535397
0.443443
0.533782
0.443443
0.533782
0.444911
0.531971
0.444911
0.531971
0.446391
0.53012
0.446391
0.53012
0.44767
0.14241
0.528499
0.44767
0.14241
0.528499
0.449009
0.144542
0.526781
0.449009
0.144542
0.526781
0.45029
0.146597
0.525118
0.45029
0.146597
0.525118
0.451566
0.148659
0.523439
0.451566
0.148659
0.523439
0.452961
0.15093
0.521581
0.452961
0.15093
0.521581
0.454523
0.153495
0.519469
0.454523
0.153495
0.519469
0.455872
0.155729
0.517619
0.455872
0.155729
0.517619
0.457102
0.157783
0.515909
0.457102
0.157783
0.515909
0.458383
0.159939
0.514106
0.458383
0.159939
0.514106
0.459777
0.162305
0.512115
0.459777
0.162305
0.512115
0.46103
0.164449
0.510302
0.46103
0.164449
0.510302
0.462318
0.166674
0.508411
0.462318
0.166674
0.508411
0.463579
0.168869
0.506535
0.463579
0.168869
0.506535
0.464939
0.171261
0.504481
0.464939
0.171261
0.504481
0.466144
0.173397
0.502637
0.466144
0.173397
0.502637
0.467327
0.175514
0.5008
0.467327
0.175514
0.5008
0.468549
0.177722
0.498875
0.468549
0.177722
0.498875
0.469701
0.179821
0.497036
0.469701
0.179821
0.497036
0.470849
0.181934
0.495178
0.470849
0.181934
0.495178
0.471978
0.184029
0.493325
0.471978
0.184029
0.493325
0.47311
0.186149
0.491442
0.47311
0.186149
0.491442
0.474236
0.18828
0.489542
0.474236
0.18828
0.489542
0.475346
0.1904
0.487641
0.475346
0.1904
0.487641
0.476443
0.192516
0.485736
0.476443
0.192516
0.485736
0.477514
0.194603
0.483849
0.477514
0.194603
0.483849
0.478576
0.196693
0.481951
0.478576
0.196693
0.481951
0.47964
0.198809
0.480021
0.47964
0.198809
0.480021
0.480699
0.200936
0.478073
0.480699
0.200936
0.478073
0.481742
0.203055
0.476123
0.481742
0.203055
0.476123
0.48278
0.205187
0.474154
0.48278
0.205187
0.474154
0.48387
0.207451
0.472052
0.48387
0.207451
0.472052
0.484906
0.209628
0.470023
0.484906
0.209628
0.470023
0.485905
0.211751
0.468036
0.485905
0.211751
0.468036
0.486894
0.213878
0.466036
0.486894
0.213878
0.466036
0.487862
0.215984
0.46405
0.487862
0.215984
0.46405
0.488829
0.218115
0.46203
0.488829
0.218115
0.46203
0.489807
0.220296
0.459955
0.489807
0.220296
0.459955
0.490745
0.222415
0.457931
0.490745
0.222415
0.457931
0.491692
0.224579
0.455855
0.491692
0.224579
0.455855
0.492637
0.226771
0.453744
0.492637
0.226771
0.453744
0.493577
0.228982
0.451607
0.493577
0.228982
0.451607
0.494481
0.231135
0.449517
0.494481
0.231135
0.449517
0.495367
0.233275
0.447431
0.495367
0.233275
0.447431
0.496244
0.235424
0.445329
0.496244
0.235424
0.445329
0.497131
0.237631
0.443162
0.497131
0.237631
0.443162
0.49805
0.239953
0.440872
0.49805
0.239953
0.440872
0.498978
0.242336
0.438513
0.498978
0.242336
0.438513
0.499787
0.244446
0.436416
0.499787
0.244446
0.436416
0.500588
0.246571
0.434297
0.500588
0.246571
0.434297
0.501379
0.248702
0.432165
0.501379
0.248702
0.432165
0.502184
0.250906
0.42995
0.502184
0.250906
0.42995
0.502944
0.253023
0.427816
0.502944
0.253023
0.427816
0.503711
0.255195
0.425618
0.503711
0.255195
0.425618
0.504439
0.257294
0.423487
0.504439
0.257294
0.423487
0.505156
0.259397
0.421344
0.505156
0.259397
0.421344
0.50586
0.261501
0.419194
0.50586
0.261501
0.419194
0.506567
0.263653
0.416986
0.506567
0.263653
0.416986
0.507343
0.266065
0.414503
0.507343
0.266065
0.414503
0.508019
0.268213
0.412284
0.508019
0.268213
0.412284
0.508675
0.270338
0.410082
0.508675
0.270338
0.410082
0.509357
0.272594
0.407736
0.509357
0.272594
0.407736
0.509983
0.274713
0.405525
0.509983
0.274713
0.405525
0.510594
0.276825
0.403313
0.510594
0.276825
0.403313
0.511192
0.27894
0.401093
0.511192
0.27894
0.401093
0.511771
0.281035
0.398886
0.511771
0.281035
0.398886
0.512337
0.283131
0.396671
0.512337
0.283131
0.396671
0.512893
0.285242
0.394433
0.512893
0.285242
0.394433
0.513438
0.287366
0.392175
0.513438
0.287366
0.392175
0.513971
0.289496
0.389904
0.513971
0.289496
0.389904
0.514489
0.291621
0.387632
0.514489
0.291621
0.387632
0.514979
0.293692
0.385411
0.514979
0.293692
0.385411
0.515471
0.295827
0.383114
0.515471
0.295827
0.383114
0.51594
0.297924
0.380851
0.51594
0.297924
0.380851
0.516392
0.300011
0.378593
0.516392
0.300011
0.378593
0.51683
0.302098
0.376328
0.51683
0.302098
0.376328
0.517266
0.304245
0.373993
0.517266
0.304245
0.373993
0.517673
0.306317
0.371732
0.517673
0.306317
0.371732
0.518067
0.308394
0.36946
0.518067
0.308394
0.36946
0.51844
0.310438
0.367217
0.51844
0.310438
0.367217
0.518795
0.312456
0.364997
0.518795
0.312456
0.364997
0.51913
0.314434
0.362816
0.51913
0.314434
0.362816
0.519455
0.316437
0.360602
0.519455
0.316437
0.360602
0.51976
0.318393
0.358435
0.51976
0.318393
0.358435
0.520056
0.320378
0.356229
0.520056
0.320378
0.356229
0.52034
0.322368
0.354013
0.52034
0.322368
0.354013
0.520609
0.324355
0.351795
0.520609
0.324355
0.351795
0.520868
0.326366
0.349545
0.520868
0.326366
0.349545
0.521099
0.32826
0.347421
0.521099
0.32826
0.347421
0.521319
0.33017
0.345274
0.521319
0.33017
0.345274
0.521527
0.332084
0.343118
0.521527
0.332084
0.343118
0.521715
0.333931
0.341033
0.521715
0.333931
0.341033
0.521892
0.335782
0.338938
0.521892
0.335782
0.338938
0.522062
0.337704
0.336759
0.522062
0.337704
0.336759
0.522218
0.339605
0.334599
0.522218
0.339605
0.334599
0.522358
0.34147
0.332476
0.522358
0.34147
0.332476
0.522484
0.343311
0.330375
0.522484
0.343311
0.330375
0.522597
0.345137
0.328288
0.522597
0.345137
0.328288
0.522697
0.346954
0.326208
0.522697
0.346954
0.326208
0.522783
0.34873
0.324169
0.522783
0.34873
0.324169
0.522857
0.350507
0.322126
0.522857
0.350507
0.322126
0.52292
0.35228
0.320084
0.52292
0.35228
0.320084
0.52297
0.354048
0.318044
0.52297
0.354048
0.318044
0.52301
0.355821
0.315994
0.52301
0.355821
0.315994
0.523037
0.357587
0.313949
0.523037
0.357587
0.313949
0.523052
0.359385
0.311863
0.523052
0.359385
0.311863
0.523056
0.361159
0.309801
0.523056
0.361159
0.309801
0.523047
0.362932
0.307737
0.523047
0.362932
0.307737
0.523026
0.364707
0.305668
0.523026
0.364707
0.305668
0.522993
0.36647
0.303608
0.522993
0.36647
0.303608
0.522949
0.368221
0.301559
0.522949
0.368221
0.301559
0.522889
0.370057
0.299407
0.522889
0.370057
0.299407
0.522821
0.371772
0.297395
0.522821
0.371772
0.297395
0.522743
0.373465
0.295404
0.522743
0.373465
0.295404
0.522654
0.375157
0.293412
0.522654
0.375157
0.293412
0.522554
0.376836
0.291432
0.522554
0.376836
0.291432
0.522442
0.378512
0.289453
0.522442
0.378512
0.289453
0.522319
0.380198
0.287459
0.522319
0.380198
0.287459
0.522185
0.381874
0.285473
0.522185
0.381874
0.285473
0.522036
0.383591
0.283436
0.522036
0.383591
0.283436
0.52188
0.385251
0.281465
0.52188
0.385251
0.281465
0.521712
0.386928
0.279471
0.521712
0.386928
0.279471
0.521532
0.388599
0.27748
0.521532
0.388599
0.27748
0.521342
0.390256
0.275505
0.521342
0.390256
0.275505
0.521139
0.391926
0.27351
0.521139
0.391926
0.27351
0.520927
0.393578
0.271535
0.520927
0.393578
0.271535
0.520704
0.395228
0.269559
0.520704
0.395228
0.269559
0.520469
0.396878
0.267582
0.520469
0.396878
0.267582
0.520224
0.398516
0.265615
0.520224
0.398516
0.265615
0.519968
0.400156
0.263645
0.519968
0.400156
0.263645
0.519685
0.401884
0.261566
0.519685
0.401884
0.261566
0.519402
0.403536
0.259576
0.519402
0.403536
0.259576
0.519104
0.405208
0.25756
0.519104
0.405208
0.25756
0.518792
0.406892
0.255527
0.518792
0.406892
0.255527
0.518476
0.408529
0.253549
0.518476
0.408529
0.253549
0.518149
0.410161
0.251574
0.518149
0.410161
0.251574
0.517815
0.411772
0.249623
0.517815
0.411772
0.249623
0.51747
0.41338
0.247673
0.51747
0.41338
0.247673
0.517102
0.415036
0.245662
0.517102
0.415036
0.245662
0.51673
0.41666
0.24369
0.51673
0.41666
0.24369
0.51634
0.418304
0.24169
0.51634
0.418304
0.24169
0.515922
0.420017
0.239606
0.515922
0.420017
0.239606
0.515498
0.421695
0.237561
0.515498
0.421695
0.237561
0.51506
0.423379
0.235507
0.51506
0.423379
0.235507
0.514603
0.425085
0.233423
0.514603
0.425085
0.233423
0.51413
0.426799
0.231328
0.51413
0.426799
0.231328
